#  Timestamp,  Temperature [2 m elevation corrected], Relative Humidity [2 m], Wind Speed [10 m], Wind Direction [10 m]
20201201 0000,-4.601812,82.0,58.059418,316.50745
20201201 0100,-5.601812,85.0,56.532608,316.54816
20201201 0200,-6.081812,84.0,54.475506,315.0
20201201 0300,-6.351812,85.0,53.009308,312.24753
20201201 0400,-6.541812,87.0,51.394333,309.60004
20201201 0500,-7.811812,89.0,47.304054,306.95712
20201201 0600,-8.391812,89.0,44.943806,310.45197
20201201 0700,-8.801812,88.0,41.616997,307.26642
20201201 0800,-9.381812,87.0,39.575443,301.2319
20201201 0900,-9.431812,86.0,39.621265,298.19498
20201201 1000,-8.301812,85.0,40.091133,297.25534
20201201 1100,-6.9018116,84.0,40.894478,296.11392
20201201 1200,-5.7618117,84.0,40.41311,295.88028
20201201 1300,-4.9218116,85.0,39.28456,296.09543
20201201 1400,-4.371812,85.0,36.402744,298.33914
20201201 1500,-4.6118116,86.0,31.435646,299.50073
20201201 1600,-6.451812,86.0,24.798225,297.68106
20201201 1700,-8.031812,86.0,21.068459,289.98312
20201201 1800,-8.811812,86.0,18.998314,279.8193
20201201 1900,-9.111813,87.0,18.014393,272.29062
20201201 2000,-9.071813,88.0,17.313717,266.42368
20201201 2100,-8.811812,88.0,17.163355,260.34012
20201201 2200,-8.541812,89.0,17.114204,255.37914
20201201 2300,-5.891812,91.0,16.394829,250.76932
20201202 0000,-3.5918121,91.0,16.78156,247.28558
20201202 0100,-2.481812,91.0,17.654688,249.71744
20201202 0200,-5.1318116,90.0,17.533146,250.82098
20201202 0300,-6.221812,91.0,17.114204,247.75098
20201202 0400,-6.8618116,90.0,16.904673,243.43495
20201202 0500,-8.241813,88.0,17.555307,241.8584
20201202 0600,-7.2618117,83.0,17.533146,250.82098
20201202 0700,-7.121812,82.0,16.263872,242.30054
20201202 0800,-7.411812,82.0,16.263872,242.30054
20201202 0900,-6.911812,84.0,16.09969,243.43495
20201202 1000,-5.771812,87.0,15.175612,247.69379
20201202 1100,-4.501812,89.0,13.854155,245.43283
20201202 1200,-3.0718122,92.0,13.0447235,242.02054
20201202 1300,-2.031812,93.0,12.287555,238.17256
20201202 1400,-1.651812,94.0,11.885453,234.86581
20201202 1500,-2.281812,92.0,13.392774,233.74615
20201202 1600,-3.371812,90.0,13.896187,233.42697
20201202 1700,-4.171812,88.0,13.896187,233.42697
20201202 1800,-3.5618122,81.0,13.37825,246.19406
20201202 1900,-3.611812,77.0,14.4,233.1301
20201202 2000,-4.2418118,79.0,17.84816,228.2705
20201202 2100,-4.9018116,82.0,18.584509,225.78482
20201202 2200,-5.391812,84.0,19.373219,221.98721
20201202 2300,-5.561812,85.0,20.12461,222.82526
20201203 0000,-5.7818117,85.0,19.64228,221.28471
20201203 0100,-6.061812,86.0,18.947083,218.82983
20201203 0200,-6.3018117,86.0,18.374111,214.62416
20201203 0300,-6.4218116,87.0,18.58451,211.53479
20201203 0400,-6.4918118,88.0,18.892282,210.96376
20201203 0500,-6.3418117,88.0,20.00512,210.25644
20201203 0600,-5.221812,84.0,21.370783,212.61925
20201203 0700,-4.941812,84.0,21.178896,211.79892
20201203 0800,-4.931812,84.0,21.67487,212.10626
20201203 0900,-3.971812,85.0,22.782625,211.42957
20201203 1000,-2.631812,86.0,23.166218,212.94922
20201203 1100,-1.411812,86.0,23.185787,216.15819
20201203 1200,-0.731812,87.0,20.898613,222.2073
20201203 1300,-0.64181197,90.0,18.626305,228.91824
20201203 1400,-0.9518119,93.0,16.1198,240.57254
20201203 1500,-1.9418119,94.0,16.418526,254.74487
20201203 1600,-3.701812,92.0,18.36353,268.8767
20201203 1700,-5.0518117,92.0,19.839235,281.51382
20201203 1800,-5.5118117,88.0,18.692286,285.64224
20201203 1900,-5.871812,86.0,19.586117,287.10272
20201203 2000,-6.1118116,86.0,21.325253,291.8014
20201203 2100,-6.4218116,87.0,20.523157,291.61478
20201203 2200,-6.771812,88.0,20.431387,284.2811
20201203 2300,-7.101812,88.0,20.12461,280.30487
20201204 0000,-7.251812,88.0,18.844202,276.58194
20201204 0100,-7.221812,87.0,17.294992,272.38596
20201204 0200,-6.951812,87.0,16.56,270.0
20201204 0300,-6.661812,86.0,16.199999,270.0
20201204 0400,-6.4018116,86.0,16.56,270.0
20201204 0500,-6.1718116,85.0,16.199999,270.0
20201204 0600,-5.3618116,82.0,15.876775,273.9005
20201204 0700,-5.601812,82.0,17.313717,273.57632
20201204 0800,-6.201812,84.0,18.089775,275.7106
20201204 0900,-5.8018117,87.0,19.770523,280.4915
20201204 1000,-4.061812,89.0,23.686249,294.22775
20201204 1100,-1.8318119,89.0,25.872456,301.9209
20201204 1200,-0.23181196,90.0,26.459387,303.90628
20201204 1300,0.14818805,95.0,22.702845,297.37772
20201204 1400,0.018188044,93.0,18.25026,284.8586
20201204 1500,-1.0518119,93.0,16.56,270.0
20201204 1600,-2.6018121,92.0,17.377226,256.82745
20201204 1700,-3.681812,90.0,17.654688,249.71744
20201204 1800,-3.5818121,86.0,18.448023,252.97949
20201204 1900,-3.771812,84.0,17.068707,242.35403
20201204 2000,-4.091812,84.0,17.57744,235.00798
20201204 2100,-4.3818116,84.0,18.59845,227.3533
20201204 2200,-4.911812,85.0,19.107151,227.29062
20201204 2300,-5.2418118,86.0,19.64228,228.71529
20201205 0000,-5.5518117,86.0,18.864824,228.09406
20201205 0100,-5.911812,87.0,18.335276,226.59114
20201205 0200,-6.291812,88.0,17.057314,225.8551
20201205 0300,-6.641812,88.0,15.072783,220.156
20201205 0400,-6.731812,88.0,13.684735,215.36246
20201205 0500,-5.9918118,90.0,13.397612,210.69972
20201205 0600,-5.3618116,87.0,18.59845,222.64671
20201205 0700,-5.5718117,86.0,16.87398,213.69006
20201205 0800,-6.061812,85.0,17.22742,206.0296
20201205 0900,-5.561812,86.0,17.25373,203.35556
20201205 1000,-4.4018116,87.0,17.87718,205.01689
20201205 1100,-3.0918121,88.0,18.514643,206.56505
20201205 1200,-2.221812,90.0,18.58451,211.53479
20201205 1300,-1.8018119,91.0,17.373497,214.01935
20201205 1400,-2.101812,93.0,14.689588,216.02737
20201205 1500,-3.211812,92.0,14.480773,214.87534
20201205 1600,-4.771812,91.0,13.891522,211.2184
20201205 1700,-6.1518116,92.0,14.8257065,209.05461
20201205 1800,-5.681812,84.0,13.684735,206.56505
20201205 1900,-5.3818116,77.0,12.661564,194.82648
20201205 2000,-5.461812,74.0,14.081478,184.39871
20201205 2100,-5.831812,74.0,16.199999,180.0
20201205 2200,-6.681812,79.0,18.0,180.0
20201205 2300,-7.001812,82.0,19.08,180.0
20201206 0000,-6.9918118,82.0,20.883104,180.98776
20201206 0100,-7.0518117,82.0,21.67487,184.76364
20201206 0200,-5.9918118,77.0,22.881956,192.72435
20201206 0300,-5.791812,78.0,24.94413,200.2657
20201206 0400,-6.271812,82.0,25.455843,208.73979
20201206 0500,-6.3818116,84.0,24.122686,217.72499
20201206 0600,-5.891812,81.0,22.065973,213.69006
20201206 0700,-6.201812,82.0,22.66857,223.06941
20201206 0800,-6.831812,82.0,21.26744,236.04094
20201206 0900,-7.0718117,84.0,19.652176,241.55707
20201206 1000,-5.731812,85.0,20.858265,248.7495
20201206 1100,-4.081812,86.0,20.898611,259.0772
20201206 1200,-2.541812,87.0,21.2522,268.05853
20201206 1300,-1.7218119,89.0,19.45333,267.8789
20201206 1400,-1.751812,91.0,17.414476,262.875
20201206 1500,-2.631812,92.0,18.72,270.0
20201206 1600,-4.091812,90.0,18.775301,274.3987
20201206 1700,-4.851812,89.0,17.731598,275.82635
20201206 1800,-3.5818121,77.0,11.720751,259.38034
20201206 1900,-3.041812,69.0,14.118243,250.641
20201206 2000,-3.051812,65.0,13.281023,237.17145
20201206 2100,-4.141812,69.0,15.072783,229.84401
20201206 2200,-5.521812,77.0,17.072504,227.56378
20201206 2300,-6.3618116,82.0,17.566378,225.83032
20201207 0000,-6.9918118,85.0,17.339897,228.36647
20201207 0100,-7.471812,86.0,15.021105,225.97102
20201207 0200,-7.951812,88.0,14.277983,236.30994
20201207 0300,-7.3018117,89.0,12.538134,230.82635
20201207 0400,-7.2618117,89.0,12.768586,220.42609
20201207 0500,-6.161812,90.0,14.480773,235.12466
20201207 0600,-5.081812,88.0,16.42247,243.99666
20201207 0700,-5.3018117,86.0,16.039202,224.09062
20201207 0800,-6.1518116,87.0,18.218275,232.22432
20201207 0900,-6.0318117,86.0,22.180206,234.24612
20201207 1000,-3.891812,86.0,22.728518,240.59282
20201207 1100,-2.1118119,92.0,24.387178,238.89119
20201207 1200,-0.23181196,95.0,28.33957,244.41148
20201207 1300,0.6881881,97.0,31.89608,253.61046
20201207 1400,0.748188,99.0,32.37999,261.68973
20201207 1500,0.71818805,99.0,36.0,270.0
20201207 1600,-0.08181196,97.0,34.353127,275.41187
20201207 1700,0.17818806,97.0,31.205997,281.30994
20201207 1800,-0.08181196,92.0,17.935081,259.5923
20201207 1900,-1.031812,90.0,18.218275,240.39555
20201207 2000,-2.431812,90.0,20.304129,232.92693
20201207 2100,-3.751812,89.0,19.67195,235.43748
20201207 2200,-3.981812,90.0,18.35647,228.17984
20201207 2300,-3.5818121,91.0,17.566378,224.16968
20201208 0000,-2.871812,94.0,15.782622,225.0
20201208 0100,-1.5518119,95.0,13.779114,213.27489
20201208 0200,-0.35181195,96.0,14.8257065,209.05461
20201208 0300,0.13818803,97.0,14.186923,215.7067
20201208 0400,0.42818806,100.0,14.773164,226.97495
20201208 0500,0.5481881,100.0,16.981165,237.99463
20201208 0600,0.41818807,99.0,18.847641,241.47688
20201208 0700,0.39818802,99.0,20.774214,242.10274
20201208 0800,0.43818805,99.0,22.26477,247.16635
20201208 0900,0.48818806,99.0,22.206486,250.09625
20201208 1000,0.5581881,99.0,24.627787,254.74487
20201208 1100,0.70818806,98.0,25.212852,260.1342
20201208 1200,0.7981881,98.0,25.264202,265.91437
20201208 1300,0.85818803,97.0,28.521906,274.34326
20201208 1400,1.088188,97.0,31.353085,285.3128
20201208 1500,0.988188,97.0,33.34035,294.90475
20201208 1600,0.44818804,99.0,34.54687,303.52448
20201208 1700,0.27818805,91.0,33.696075,306.74747
20201208 1800,-0.33181196,90.0,30.676142,305.9285
20201208 1900,-1.381812,92.0,27.257967,303.69006
20201208 2000,-2.471812,95.0,23.507753,297.34985
20201208 2100,-3.301812,96.0,21.175835,287.8189
20201208 2200,-3.631812,97.0,20.478907,280.1247
20201208 2300,-3.291812,96.0,20.674158,277.00128